Image C:\Users\gengshou\eclipse-workspace\Diagram\george.png 278.0 223.0 50.0 70.0
Box 270.0 224.0 69.0 68.0 255 0 204
Box 264.0 214.0 89.0 89.0 51 51 255
Box 244.0 198.0 136.0 134.0 51 255 255
Circle 229.0 172.0 163.35544068074378 51 51 255
Line 301.0 148.0 422.0 311.0 51 51 255
Line 202.0 213.0 318.0 360.0 255 51 51
Circle 194.0 132.0 235.1361307838504 255 51 51
Box 232.0 170.0 163.0 158.0 255 51 0
Box 170.0 115.0 260.0 261.0 51 255 51
Box 164.0 105.0 269.0 276.0 255 255 204
Box 156.0 94.0 285.0 292.0 255 153 153
Box 139.0 84.0 306.0 311.0 255 102 204
Text WhereIsGeorge? 213.0 51.0 255 102 204 20.0
Text GiftBox 245.0 240.0 51 51 255 25.0
